Example user input (if you're not familiar with sudoku)

Example 1:
Row 1: 530070000
Row 2: 600195000
Row 3: 098000060
Row 4: 800060003
Row 5: 400803001
Row 6: 700020006
Row 7: 060000280
Row 8: 000419005
Row 9: 000080079

Desired output:
5 3 4 | 6 7 8 | 9 1 2
6 7 2 | 1 9 5 | 3 4 8
1 9 8 | 3 4 2 | 5 6 7
---------------------
8 5 9 | 7 6 1 | 4 2 3
4 2 6 | 8 5 3 | 7 9 1
7 1 3 | 9 2 4 | 8 5 6
---------------------
9 6 1 | 5 3 7 | 2 8 4
2 8 7 | 4 1 9 | 6 3 5
3 4 5 | 2 8 6 | 1 7 9

Example 2:
Row 1: 200080300
Row 2: 060070084
Row 3: 030500209
Row 4: 000105408
Row 5: 000000000
Row 6: 402706000
Row 7: 301007040
Row 8: 720040060
Row 9: 004010003

Desired Output:
2 4 1 | 8 9 7 | 3 5 6
5 6 9 | 3 1 2 | 0 8 4
8 3 7 | 5 6 4 | 2 0 9
---------------------
9 2 6 | 1 5 3 | 4 0 8
1 5 8 | 4 2 6 | 9 3 7
4 0 3 | 7 8 9 | 5 6 1
---------------------
3 1 5 | 9 7 8 | 6 4 2
7 2 4 | 6 3 1 | 8 9 5
6 8 0 | 2 4 5 | 1 7 3

Example 3:
Row 1: 000000907
Row 2: 000420180
Row 3: 000705026
Row 4: 100904000
Row 5: 050000040
Row 6: 000507009
Row 7: 920108000
Row 8: 034059000
Row 9: 507000000

Desired Output:
4 8 6 | 5 2 1 | 9 0 7
7 9 2 | 4 2 8 | 1 8 3
3 1 5 | 7 0 9 | 0 2 6
---------------------
1 3 8 | 9 0 4 | 2 6 5
5 7 9 | 8 6 2 | 3 1 4
2 6 4 | 1 5 7 | 8 9 0
---------------------
9 2 0 | 1 0 3 | 6 5 8
0 3 1 | 0 5 6 | 7 4 2
5 0 7 | 2 8 0 | 4 3 1